GML,Real
1.0227399863055535,1.0227399863055686
1.038041360805051,1.0380413608050676
1.0378723025941954,1.0378723025942118
1.0320678777510182,1.032067877751026
0.993114140173184,0.9931141401731924
1.0184445861767122,1.0184445861768239
0.9865732836485123,0.9865732836486062
0.9885207865252371,0.9885207865252676
0.9878793146721704,0.9878793146722397
0.9935939058719832,0.9935939058720082
0.9715657497945698,0.9715657497946103
0.9803583013900717,0.9803583013901177
0.9875657635368366,0.9875657635369176
0.9916842833069393,0.9916842833069687
1.0011726959217548,1.0011726959217662
1.0023555115902365,1.0023555115902425
0.9913257716625403,0.991325771662548
0.9935004326426115,0.9935004326426429
0.9911208034136153,0.991120803413667
0.9864870078702718,0.9864870078703013
0.9777391827709742,0.9777391827710065
0.9805093517010196,0.9805093517010112
0.986493965542869,0.9864939655428742
0.991969393064413,0.9919693930647091
0.9760576402987187,0.9760576402987561
1.0219267156853316,1.021926715685331
0.9854719108153412,0.9854719108153345
0.995,0.995
0.9866209802664515,0.9866209802664536
0.9865876359149872,0.9865876359149928
0.9760205039259006,0.9760205039259389
1.0398,1.0398
0.9854728108614569,0.9854728108614487
0.9941407092445954,0.9941407092451203
0.9780305232626076,0.9780305232626396
0.9969949612826802,0.9969949612833583
0.9865155262678617,0.9865155262678659
1.0459,1.0459
1.0057686900154221,1.0057686900154146
1.025,1.025
0.992044022128455,0.9920440221284533
0.9775549540551264,0.9775549540551587
0.9888307287254177,0.9888307287254245
0.9882839373511505,0.9882839373511406
1.05,1.05
0.9895188124072066,0.9895188124072564
0.9819404993528463,0.9819404993528779
0.9860228501364492,0.9860228501364466
0.9835484925848409,0.9835484925848452
1.0106,1.0106
1.018709192201242,1.0187091922013165
1.0,1.0
1.0,1.0
1.0182145883880294,1.018214588388146
0.9969926288904085,0.9969926288910868
0.9759456766078958,0.9759456766079329
1.0182145883880294,1.018214588388146
1.0250000000000001,1.025
0.9897762108693462,0.9897762108694119
0.9868695331036984,0.9868695331037283
0.9772761679477181,0.9772761679478131
1.003796454256696,1.0037964542566906
0.9905124646097206,0.990512464609736
1.033946642329094,1.0339466423291055
1.022949177978482,1.0229491779784963
1.0251373331667541,1.0251373331667701
1.0300087366948203,1.030008736694837
1.0344925879647229,1.0344925879647395
1.0354038668812091,1.0354038668812229
1.0328,1.0328
1.0038065356522399,1.0038065356523562
1.0459,1.0459
0.9966861650719487,0.9966861650719483
0.9854719108153412,0.9854719108153345
0.9854719108153412,0.9854719108153345
0.9912600949720344,0.9912600949720456
1.0182145883880285,1.018214588388146
1.0250000000000001,1.025
1.0363363712121565,1.0363363712121751
