GML,Real
-0.020847775899220267,-0.020847775899592164
-0.039861016231442115,-0.0398610162318068
-0.03942707607377027,-0.03942707607413582
-0.025343085532295858,-0.025343085532561906
-0.05339109633437156,-0.05339109633486147
-0.07277747790971745,-0.07277747791103908
-0.062133852147878255,-0.062133852148309944
-0.0601546471897505,-0.060154647190126136
-0.06064234800790391,-0.060642348008327046
-0.0569698113484165,-0.056969811348832
-0.043105838474479796,-0.043105838474872066
-0.04609674616108084,-0.04609674616147689
-0.05984240553339504,-0.059842405533818206
-0.054205644467087755,-0.05420564446749797
-0.04974333786766838,-0.04974333786823177
-0.04810585804584733,-0.04810585804638875
-0.05334042361292601,-0.0533404236133943
-0.04521871815969458,-0.045218718160077276
-0.04841947478109754,-0.0484194747814982
-0.06584362575334524,-0.06584362575371776
-0.10519802913052878,-0.10519802913090222
-0.08180488279710785,-0.08180488279762416
-0.076591454604237,-0.07659145460469724
-0.0736560341285255,-0.07365603412911009
-0.07025974358925247,-0.0702597435896345
-0.07322073335498613,-0.0732207333558369
-0.0790617119957413,-0.0790617119962458
-0.06987170507239915,-0.06987170507283864
-0.07303432942509369,-0.07303432942558144
-0.07546526477150106,-0.07546526477196241
-0.06474097376637244,-0.06474097376675653
-0.06586909584064765,-0.06586909584149783
-0.07708633096751649,-0.07708633096803257
-0.08411652526783175,-0.08411652526851024
-0.10241006249897788,-0.10241006249935168
-0.08771350036516923,-0.08771350036591406
-0.0793974658333143,-0.0793974658337706
-0.06412106857559596,-0.0641210685764462
-0.06994524037053873,-0.0699452403712563
-0.06365728745750765,-0.06365728745835739
-0.07327792484710605,-0.07327792484756206
-0.10789365522248895,-0.10789365522286261
-0.06926789863026528,-0.06926789863073055
-0.06634942381479325,-0.06634942381532813
-0.06573335719669625,-0.06573335719754617
-0.05817907485694507,-0.0581790748573616
-0.09012785005644419,-0.09012785005681846
-0.07394781345677703,-0.07394781345728493
-0.08419384613379899,-0.08419384613425539
-0.08709298014487832,-0.08709298014556585
-0.07246012657346013,-0.07246012657460421
0.04872896921799308,0.04872896921762057
0.049228208574531696,0.0492282085741595
-0.07327974128865256,-0.0732797412901054
-0.08771360819806828,-0.08771360819881285
-0.07038899361316986,-0.07038899361355161
-0.07327974128865211,-0.0732797412901054
-0.06365728745750765,-0.06365728745835739
-0.05421775730214318,-0.054217757302556124
-0.06469318826224724,-0.06469318826262019
-0.07152044782306222,-0.07152044782349244
-0.06814834248587909,-0.06814834248657477
-0.05573351593875664,-0.05573351593920388
-0.031172492560822107,-0.031172492561142236
-0.0195398635006776,-0.019539863501049085
-0.019756936881041742,-0.019756936881412692
-0.026052665473660586,-0.02605266547403005
-0.035419497165730895,-0.03541949716609566
-0.03473802341179644,-0.03473802341214743
0.0,0.0
-0.07980457363968396,-0.07980457364030262
-0.06412106857559596,-0.0641210685764462
-0.11915664597819742,-0.1191566459790482
-0.0790617119957413,-0.0790617119962458
-0.0790617119957413,-0.0790617119962458
-0.04974333786766838,-0.04974333786823177
-0.07327974128865167,-0.0732797412901054
-0.06365728745750765,-0.06365728745835739
-0.027054731798155984,-0.02705473179852639
