GML,Real
-0.1185376543616461,0.07701488098139175
-0.13707956381027975,0.05752145771605832
-0.13662993685652491,0.05786990673936632
-0.08382922130409858,0.03324708298667408
-0.14570834629553042,0.039062478213821486
-0.17147286580543541,0.025392543844739848
-0.1725180518847349,0.04801803457065005
-0.17335394085141154,0.05288593857971282
-0.16880304351970787,0.04731769323989769
-0.1607453855750558,0.04664652518817926
-0.14904655455407,0.06281822747134595
-0.15256175259145488,0.0603065331047565
-0.16991094586321642,0.05001112914791968
-0.15708013882197136,0.0485700538351672
-0.13313949714341078,0.03344931200283836
-0.1296526965896927,0.03323709317710773
-0.14775392296584577,0.041325894341642376
-0.15160781332709483,0.061163814616210885
-0.15500180895952154,0.05807085038603292
-0.1817619900689107,0.04986105812341985
-0.23965572176651095,0.027761535304317277
-0.19225284513696428,0.028883485818732204
-0.18601186582507978,0.0334509388759111
-0.18934161628793866,0.041717403326842976
-0.1885156223302924,0.04735429719610927
-0.17447642675947916,0.027156284575568353
-0.1885256028792841,0.0310361937114846
-0.17816422902148732,0.03802968896382924
-0.17936122681756084,0.03339015015312622
-0.1842244098707888,0.03385112993160311
-0.18051500860540326,0.050464115708465894
-0.16530004363427175,0.032957989793140165
-0.18486505428554967,0.0312286848616644
-0.20427445421992374,0.03565556038478766
-0.23547524949621934,0.029383192622247326
-0.20940032243952622,0.033565674564588435
-0.19048470955724595,0.03237895533766194
-0.16355327801848807,0.03470475540892392
-0.16967768161450714,0.029583391045392732
-0.1577945573055639,0.02996518703979019
-0.18233116241821268,0.03568293313946691
-0.2436888304075997,0.02618736534148822
-0.17442931438124987,0.03587116474080329
-0.16779643230151775,0.03531451635547069
-0.16523174116704112,0.03315905640493413
-0.16404423134390989,0.047524753853418325
-0.21715326813912128,0.03574678567886062
-0.17995295903587927,0.03236578792754863
-0.1976272077929213,0.029686035416310482
-0.20871340287517182,0.03410849015574118
-0.17111365136726064,0.025661444559578462
-0.04881270316478403,0.14657657204828378
-0.04831016243918729,0.14705582999595782
-0.1722277665942502,0.02514790271747615
-0.2094004420293647,0.03356558039426626
-0.1887207810416336,0.04729399993781047
-0.17222776659425065,0.02514790271747615
-0.1577945573055639,0.02996518703979019
-0.16255223630824833,0.05396088419924178
-0.18008426950036283,0.05048901705933154
-0.18689524913842304,0.04350867826929867
-0.16760152554126195,0.031102082716328857
-0.15459493592771834,0.04337571944601575
-0.10796153781614981,0.045754871436673096
-0.11722394774359435,0.07832284757202448
-0.11745063985501591,0.07812452151383022
-0.12309901431142478,0.07115442479470714
-0.1308498540422942,0.060144084164323056
-0.12024325766727095,0.05093235394597518
0.0,0.0
-0.19891205522338318,0.038867312689282084
-0.16355327801848807,0.03470475540892392
-0.2397166898671128,0.00022672699334745256
-0.18852560287928413,0.0310361937114846
-0.1885256028792841,0.0310361937114846
-0.13313949714341078,0.03344931200283836
-0.1722277665942502,0.02514790271747615
-0.1577945573055639,0.02996518703979019
-0.1244620438180295,0.07050581701911274
