GML,Real
1.0201759968903108,1.0229911740949165
1.0352279504876505,1.0384060362756358
1.0351145612555412,1.0382325123488274
1.029412211999234,1.0321199112408255
0.9868732859062774,0.9912756602134427
1.020338417988481,1.0204358162568827
0.9833102259132228,0.9874902769880978
0.9801362107558432,0.9876777577027994
0.9846535187424654,0.9886112259000486
0.990668143396122,0.9936666286278674
0.966830088053367,0.971407154722549
0.9759145946774893,0.9803818532297204
0.9840790904000876,0.9883289172095076
0.9881221512546668,0.9916712914620638
0.9976383441922725,1.0002544253680374
0.9984349468087969,1.0011068921746833
0.984215842035303,0.9891297880079936
0.9877442523368006,0.9930599247750028
0.9869603805771449,0.991290791705031
0.9765856795619121,0.9852425208943576
0.9513014956804096,0.969730929697124
0.9612054207375345,0.9731464485151671
0.9703324734379273,0.9801340880325765
0.9888267351942595,0.9927968644372693
0.962801176094368,0.9728627272770202
1.0229186608293732,1.0238660783380915
0.9637175339475978,0.9760670559561655
0.995,0.995
0.9703148069230472,0.9800259138615346
0.9709968142102018,0.980531671277111
0.9640407159159716,0.973069197620156
1.0398,1.0398
0.9648476804975841,0.9767023277707259
0.991815088616951,0.9956563171323397
0.951388381013817,0.9697929307287867
0.9949969719733778,0.998680205285402
0.9687704169160163,0.9792404612814689
1.0459,1.0459
1.0009071103000227,1.0043241052214595
1.025,1.025
0.986471303783259,0.9896889737372266
0.9513239464969389,0.9697631674259054
0.9750434073537622,0.9833315015850027
0.9749765310190056,0.9828848283442824
1.05,1.05
0.9861723807056624,0.9899421594444914
0.9621571771674164,0.9764522421936312
0.9673690337545255,0.9782788398167228
0.9665944605385113,0.9771077479926499
1.0106,1.0106
1.0204763511940094,1.0205751967283188
1.0,1.0
1.0,1.0
1.020161987199887,1.020258549317422
0.9949942970514669,0.9986781618007795
0.9627033989093703,0.9727678953436516
1.0201619871998868,1.020258549317422
1.0250000000000004,1.025
0.985815139974798,0.9901204614947159
0.9774044751753564,0.9857610771387986
0.9746328490330673,0.9789798229605133
0.9976573508436763,1.0016270178126112
0.9840989968551559,0.9890128598965283
1.0308233283487376,1.0338755943294895
1.020432673607918,1.0231956307641623
1.0225118522519627,1.025362533005702
1.0272887867917826,1.030249634518419
1.0316494763809414,1.0347766978300081
1.0321193494829857,1.0354004271130197
1.0328,1.0328
1.0019851707689664,1.0036664108409028
1.0459,1.0459
0.9965250367671059,0.999397854923059
0.9637175339475978,0.9760670559561655
0.9637175339475978,0.9760670559561655
0.9877607368240322,0.9903509162059776
1.020161987199888,1.020258549317422
1.0250000000000004,1.025
1.0335178262511087,1.0365850191229005
